50
10
1
-1.00000000000000000000 -1.00000000000000000000 0.00000000000000000000 0.00000000000000000000 0.00000000000000000000 0.00000000000000000000 0.00000000000000000000 0.00000000000000000000 -0.00000000000000099920 0.00000000000000000000 -0.15057495925889788357 
-0.95918367346938770979 -0.99916701374427319138 0.12794289667205327454 0.25378497451792347839 0.37545991009847390352 0.49096980433535697408 0.59841798795864575844 0.69604016476381236345 0.80193773580483651564 0.85558234735439420149 0.29721705292086064709 
-0.91836734693877553060 -0.99666805497709287653 0.25378497451792347839 0.49096980433535697408 0.69604016476381236345 0.85558234735439420149 0.95916065424174767884 1.00000000000000000000 0.99999999999999800160 0.88705506089238439493 0.27827946563085909082 
-0.87755102040816324038 -0.99250312369845894445 0.37545991009847390352 0.69604016476381236345 0.91488267491245389706 1.00000000000000000000 0.93895083977958981869 0.74065853543164283934 0.44504186791262734246 0.06410315514331066389 0.36152309566394724705 
-0.83673469387755106119 -0.98667221990837150614 0.49096980433535697408 0.85558234735439420149 1.00000000000000000000 0.88705506089238439493 0.54581533228569356631 0.06410315514331066389 -0.44504186791262922984 -0.82059386242928678001 0.46510063274383578458 
-0.79591836734693877098 -0.97917534360683045058 0.59841798795864598048 0.95916065424174767884 0.93895083977958981869 0.54581533228569312222 -0.06410315514331044184 -0.64856161575882076420 -1.00000000000000000000 -0.91488267491245389706 0.55462317386169357469 
-0.75510204081632648077 -0.97001249479383588881 0.69604016476381236345 1.00000000000000000000 0.74065853543164283934 0.06410315514331066389 -0.64856161575882076420 -0.99589078550067255957 -0.80193773580483851404 -0.12794289667205382965 0.80142796335388510887 
-0.71428571428571430157 -0.95918367346938770979 0.78223338130662622980 0.97542907183631122336 0.43410677614631376642 -0.43410677614631365540 -0.97542907183631111234 -0.78223338130662645185 -0.00000000000000122125 0.78223338130662622980 0.75226217322986888014 
-0.67346938775510212238 -0.94668887963348602455 0.85558234735439420149 0.88705506089238439493 0.06410315514331066389 -0.82059386242928678001 -0.91488267491245411911 -0.12794289667205382965 0.80193773580483651564 0.93895083977958981869 0.82192116224756583964 
-0.63265306122448983217 -0.93252811328613072206 0.91488267491245389706 0.74065853543164261730 -0.31527019874414174971 -0.99589078550067267059 -0.49096980433535675203 0.59841798795864664662 0.99999999999999822364 0.19125689339470475225 1.04853576500496203927 
-0.59183673469387754196 -0.91670137442732191335 0.95916065424174767884 0.54581533228569312222 -0.64856161575882076420 -0.91488267491245389706 0.12794289667205349659 0.98768924214581943488 0.44504186791262756451 -0.74065853543164250627 0.99004308146062713902 
-0.55102040816326536277 -0.89920866305705959842 0.98768924214581943488 0.31527019874414197176 -0.88705506089238395084 -0.59841798795864709071 0.69604016476381147527 0.82059386242928811228 -0.44504186791262734246 -0.95916065424174834497 0.81861517146834716918 
-0.51020408163265307255 -0.88004997917534366625 1.00000000000000000000 0.06410315514331066389 -0.99589078550067255957 -0.12794289667205382965 0.98768924214581943488 0.19125689339470652861 -0.99999999999999988898 -0.25378497451792469963 0.96251685462952685235 
-0.46938775510204078234 -0.85922532278217411683 0.99589078550067267059 -0.19125689339470519634 -0.95916065424174778986 0.37545991009847390352 0.88705506089238439493 -0.54581533228569245608 -0.80193773580483873609 0.69604016476381236345 1.10369211816309187313 
-0.42857142857142860315 -0.83673469387755106119 0.97542907183631122336 -0.43410677614631365540 -0.78223338130662645185 0.78223338130662622980 0.43410677614631398846 -0.97542907183631100132 -0.00000000000000144329 0.97542907183631122336 0.97055700547454848426 
-0.38775510204081631294 -0.81257809246147438831 0.93895083977958981869 -0.64856161575882076420 -0.49096980433535675203 0.98768924214581943488 -0.19125689339470408612 -0.85558234735439420149 0.80193773580483584951 0.31527019874414241585 0.76818047049213300514 
-0.34693877551020413375 -0.78675551853394420920 0.88705506089238439493 -0.82059386242928678001 -0.12794289667205382965 0.93895083977958981869 -0.74065853543164128503 -0.25378497451792469963 0.99999999999999822364 -0.64856161575881976500 0.80004489341335360830 
-0.30612244897959173251 -0.75926697209496041285 0.82059386242928678001 -0.93895083977958981869 0.25378497451792414452 0.64856161575882054215 -0.99589078550067267059 0.49096980433535786226 0.44504186791262623224 -0.98768924214581932386 0.87282030812276945042 
-0.26530612244897955332 -0.73011245314452311028 0.74065853543164261730 -0.99589078550067267059 0.59841798795864664662 0.19125689339470475225 -0.85558234735439420149 0.95916065424174812293 -0.44504186791262878575 -0.37545991009847312636 0.79012287853739071597 
-0.22448979591836748515 -0.69929196168263230149 0.64856161575882143033 -0.98768924214581965693 0.85558234735439375740 -0.31527019874413975131 -0.37545991009847623499 0.88705506089238528311 -0.99999999999999900080 0.59841798795864331595 0.87836068550793411358 
-0.18367346938775508391 -0.66680549770928787545 0.54581533228569312222 -0.91488267491245389706 0.98768924214581943488 -0.74065853543164250627 0.25378497451792392248 0.31527019874414241585 -0.80193773580483895813 0.99589078550067267059 0.57149140384638252854 
-0.14285714285714279370 -0.63265306122448983217 0.43410677614631376642 -0.78223338130662645185 0.97542907183631122336 -0.97542907183631100132 0.78223338130662600776 -0.43410677614631321131 -0.00000000000000177636 0.43410677614631443255 0.32940611363540578393 
-0.10204081632653072553 -0.59683465222823839369 0.31527019874414197176 -0.59841798795864709071 0.82059386242928811228 -0.95916065424174834497 1.00000000000000000000 -0.93895083977958837540 0.80193773580483362906 -0.54581533228568901439 0.32744355841270661456 
-0.06122448979591843532 -0.55935027072053311592 0.19125689339470541839 -0.37545991009847434761 0.54581533228569312222 -0.69604016476381336265 0.82059386242928811228 -0.91488267491245367502 0.99999999999999822364 -1.00000000000000000000 0.15975335075053109790 
-0.02040816326530614511 -0.52019991670137455397 0.06410315514331066389 -0.12794289667205382965 0.19125689339470652861 -0.25378497451792469963 0.31527019874414241585 -0.37545991009847645703 0.44504186791262800860 -0.49096980433535897248 -0.10546788831020677268 
0.02040816326530614511 -0.47938359017076215274 -0.06410315514331044184 0.12794289667205349659 -0.19125689339470586248 0.25378497451792392248 -0.31527019874414130562 0.37545991009847523578 -0.44504186791262856371 0.49096980433535741817 -0.04714279453025765204 
0.06122448979591843532 -0.43690129112869635630 -0.19125689339470519634 0.37545991009847390352 -0.54581533228569245608 0.69604016476381236345 -0.82059386242928755717 0.91488267491245300889 -0.99999999999999977796 1.00000000000000000000 -0.18579448136824869287 
0.10204081632653072553 -0.39275301957517705365 -0.31527019874414130562 0.59841798795864575844 -0.82059386242928666899 0.95916065424174767884 -1.00000000000000000000 0.93895083977959026278 -0.80193773580483895813 0.54581533228569356631 -0.19221283752442785975 
0.14285714285714279370 -0.34693877551020413375 -0.43410677614631365540 0.78223338130662622980 -0.97542907183631100132 0.97542907183631122336 -0.78223338130662667389 0.43410677614631443255 -0.00000000000000199840 -0.43410677614631276722 -0.32018294561222315764 
0.18367346938775508391 -0.29945855893377759660 -0.54581533228569301119 0.91488267491245367502 -0.98768924214581954590 0.74065853543164328343 -0.25378497451792325634 -0.31527019874414097256 0.80193773580483562746 -0.99589078550067244855 -0.48151020695071311550 
0.22448979591836737413 -0.25031236984589766426 -0.64856161575882076420 0.98768924214581943488 -0.85558234735439420149 0.31527019874414241585 0.37545991009847190512 -0.88705506089238439493 0.99999999999999822364 -0.59841798795864786786 -0.75673022785019694592 
0.26530612244897966434 -0.19950020824656400364 -0.74065853543164228423 0.99589078550067267059 -0.59841798795864720173 -0.19125689339470386408 0.85558234735439375740 -0.95916065424174845599 0.44504186791262823064 0.37545991009847146103 -0.81214737924970059613 
0.30612244897959173251 -0.14702207413577694783 -0.82059386242928678001 0.93895083977958981869 -0.25378497451792469963 -0.64856161575881976500 0.99589078550067289264 -0.49096980433535897248 -0.44504186791262823064 0.98768924214581899079 -0.91012294008812688606 
0.34693877551020424477 -0.09287796751353594171 -0.88705506089238428391 0.82059386242928722410 0.12794289667205216432 -0.93895083977958959665 0.74065853543164217321 0.25378497451792170203 -0.99999999999999977796 0.64856161575882120829 -0.84832352548966505346 
0.38775510204081653498 -0.03706788837984154039 -0.93895083977958981869 0.64856161575882054215 0.49096980433535786226 -0.98768924214581932386 0.19125689339470364203 0.85558234735439531171 -0.80193773580483695973 -0.31527019874414397016 -0.99460754378191218450 
0.42857142857142860315 0.02040816326530614511 -0.97542907183631111234 0.43410677614631398846 0.78223338130662600776 -0.78223338130662667389 -0.43410677614631298926 0.97542907183631122336 -0.00000000000000222045 -0.97542907183631077928 -0.84080478517329926280 
0.46938775510204089336 0.07955018742190755887 -0.99589078550067267059 0.19125689339470475225 0.95916065424174812293 -0.37545991009847312636 -0.88705506089238439493 0.54581533228569067973 0.80193773580483540542 -0.69604016476381147527 -1.04580647584638630754 
0.51020408163265296153 0.14035818408996236784 -1.00000000000000000000 -0.06410315514330966469 0.99589078550067267059 0.12794289667205194228 -0.98768924214581987897 -0.19125689339470519634 0.99999999999999822364 0.25378497451792125794 -0.99344351931954077983 
0.55102040816326502970 0.20283215326947057200 -0.98768924214581965693 -0.31527019874413975131 0.88705506089238528311 0.59841798795864331595 -0.69604016476381624923 -0.82059386242928522570 0.44504186791263511402 0.95916065424174590248 -0.93921760879109084108 
0.59183673469387754196 0.26697209496043305954 -0.95916065424174778986 -0.54581533228569245608 0.64856161575882209647 0.91488267491245300889 -0.12794289667205716032 -0.98768924214581987897 -0.44504186791262800860 0.74065853543164505979 -0.69124936413276683034 
0.63265306122448983217 0.33277800916284872024 -0.91488267491245389706 -0.74065853543164250627 0.31527019874414241585 0.99589078550067267059 0.49096980433535741817 -0.59841798795864786786 -0.99999999999999966693 -0.19125689339470475225 -1.13356740252196175334 
0.67346938775510190034 0.40024989587671777613 -0.85558234735439453456 -0.88705506089238383982 -0.06410315514330766629 0.82059386242928833433 0.91488267491245300889 0.12794289667204794547 -0.80193773580483940222 -0.93895083977958804233 -0.74593078329008100091 
0.71428571428571441260 0.46938775510204067132 -0.78223338130662645185 -0.97542907183631100132 -0.43410677614631321131 0.43410677614631443255 0.97542907183631122336 0.78223338130662556367 -0.00000000000000244249 -0.78223338130662734002 -0.80588387213341527993 
0.75510204081632648077 0.54019158683881673966 -0.69604016476381314060 -1.00000000000000000000 -0.74065853543164106298 -0.06410315514330744424 0.64856161575882387282 0.99589078550067311468 0.80193773580483096453 0.12794289667204750138 -0.67668565199393337917 
0.79591836734693854893 0.61266139108704642524 -0.59841798795864709071 -0.95916065424174834497 -0.93895083977958837540 -0.54581533228568901439 0.06410315514331643705 0.64856161575882675940 1.00000000000000000000 0.91488267491244990026 -0.68488099368747690221 
0.83673469387755106119 0.68679716784673039420 -0.49096980433535675203 -0.85558234735439420149 -1.00000000000000000000 -0.88705506089238439493 -0.54581533228569478755 -0.06410315514330688913 0.44504186791262867473 0.82059386242928678001 -0.39591914410311579431 
0.87755102040816312936 0.76259891711786731427 -0.37545991009847434761 -0.69604016476381336265 -0.91488267491245367502 -1.00000000000000000000 -0.93895083977958826438 -0.74065853543164295036 -0.44504186791262778655 -0.06410315514330644504 -0.27779026922298533098 
0.91836734693877564162 0.84006663890045807364 -0.25378497451792358941 -0.49096980433535697408 -0.69604016476381347367 -0.85558234735439453456 -0.95916065424174756782 -1.00000000000000000000 -0.99999999999999966693 -0.88705506089238395084 -0.23320263684330791443 
0.95918367346938770979 0.91920033319450178411 -0.12794289667205382965 -0.25378497451792469963 -0.37545991009847645703 -0.49096980433535897248 -0.59841798795864786786 -0.69604016476381658229 -0.80193773580483940222 -0.85558234735439686602 -0.00893696242119174089 
1.00000000000000000000 1.00000000000000000000 -0.00000000000000022204 -0.00000000000000044409 -0.00000000000000077716 -0.00000000000000099920 -0.00000000000000122125 -0.00000000000000144329 -0.00000000000000277556 -0.00000000000000199840 0.04630932738110499908 
